18
.1 .025 0 .01 .025 1 200 0 0
.2 .025 0 .01 .025 1 200 0 0
.3 .025 0 .01 .025 1 200 0 0
.4 .025 0 .01 .025 1 200 0 0
.5 .025 0 .01 .025 1 200 0 0
.6 .025 0 .01 .025 1 200 0 0
.7 .025 0 .01 .025 1 200 0 0
.8 .025 0 .01 .025 1 200 0 0
.9 .025 0 .01 .025 1 200 0 0
.025 .1 .01 0 .025 1 0 0 200
.025 .2 .01 0 .025 1 0 0 200
.025 .3 .01 0 .025 1 0 0 200
.025 .4 .01 0 .025 1 0 0 200
.025 .5 .01 0 .025 1 0 0 200
.025 .6 .01 0 .025 1 0 0 200
.025 .7 .01 0 .025 1 0 0 200
.025 .8 .01 0 .025 1 0 0 200
.025 .9 .01 0 .025 1 0 0 200
